Acurácias OPF: [0.5  1.   0.75 0.75 1.   0.5  1.   1.   0.75 0.75 0.5  0.75 0.5  1.
 1.   1.   1.   1.   0.75 1.   1.   1.   1.   0.5  0.75 1.   1.   1.
 1.   1.   1.   1.   0.75 1.   0.75 0.75 1.   0.5  0.75 1.   1.   0.75
 1.   0.75 0.75 1.   1.   0.75 0.75 1.   0.75 0.5  0.75 1.   1.   1.
 1.   0.75 1.   1.   1.   0.5  1.   1.   1.   0.5  1.   1.   1.   0.75
 0.75 0.75 1.   0.75 0.5  1.   0.75 1.   1.   0.5  1.   0.75 0.75 1.
 1.   0.5  1.   1.   0.5  1.   0.75 1.   1.   0.5  0.75 1.   0.75 1.
 0.5  1.  ]
Acurácias QOPF: [0.5  1.   0.5  0.75 1.   0.5  1.   1.   0.5  0.75 0.5  0.5  0.5  0.75
 0.75 1.   1.   1.   0.75 1.   1.   1.   1.   0.5  0.5  1.   0.75 1.
 1.   1.   0.75 1.   0.5  1.   0.75 0.75 1.   0.5  0.75 1.   1.   0.75
 1.   0.5  0.75 1.   1.   0.75 0.75 1.   0.75 0.5  0.75 1.   1.   1.
 0.5  0.5  1.   1.   1.   0.5  1.   0.5  0.5  0.5  1.   0.5  1.   0.75
 0.5  0.75 1.   0.75 0.5  1.   0.75 0.75 0.75 0.25 0.75 0.75 0.75 1.
 1.   0.5  1.   1.   0.5  1.   0.75 0.75 0.75 0.5  0.5  1.   0.75 0.75
 0.5  1.  ]
Média OPF: 0.8525
Média QOPF: 0.7825
