3.300000000000000000e+01 1.000000000000000000e+00 1.264798998832702637e+00 -8.464919924736022949e-01
3.400000000000000000e+01 1.000000000000000000e+00 9.148470163345336914e-01 5.775660276412963867e-01
3.500000000000000000e+01 1.000000000000000000e+00 9.355750083923339844e-01 7.558829784393310547e-01
3.600000000000000000e+01 1.000000000000000000e+00 1.605083942413330078e+00 4.442799985408782959e-01
3.700000000000000000e+01 1.000000000000000000e+00 2.836901903152465820e+00 -6.886640191078186035e-01
3.800000000000000000e+01 1.000000000000000000e+00 1.225911021232604980e+00 -3.732050061225891113e-01
3.900000000000000000e+01 1.000000000000000000e+00 9.587630033493041992e-01 -2.847500145435333252e-01
4.000000000000000000e+01 1.000000000000000000e+00 9.543809890747070312e-01 5.873339772224426270e-01
4.100000000000000000e+01 1.000000000000000000e+00 2.898461103439331055e+00 -7.795230150222778320e-01
4.200000000000000000e+01 1.000000000000000000e+00 2.145201921463012695e+00 -7.348560094833374023e-01
4.300000000000000000e+01 1.000000000000000000e+00 1.520059943199157715e+00 -7.304250001907348633e-01
4.400000000000000000e+01 1.000000000000000000e+00 1.346652984619140625e+00 -2.069060057401657104e-01
4.500000000000000000e+01 1.000000000000000000e+00 1.170287013053894043e+00 -5.178830027580261230e-01
4.600000000000000000e+01 1.000000000000000000e+00 2.755032062530517578e+00 -2.177979946136474609e-01
4.700000000000000000e+01 1.000000000000000000e+00 1.922526001930236816e+00 -8.142079710960388184e-01
4.800000000000000000e+01 1.000000000000000000e+00 9.433979988098144531e-01 -6.809300184249877930e-01
4.900000000000000000e+01 1.000000000000000000e+00 2.589031934738159180e+00 7.583069801330566406e-01
5.000000000000000000e+01 1.000000000000000000e+00 1.273978948593139648e+00 9.826099872589111328e-01
5.100000000000000000e+01 1.000000000000000000e+00 2.324059963226318359e+00 7.427290081977844238e-01
5.200000000000000000e+01 1.000000000000000000e+00 1.859261989593505859e+00 -7.989999838173389435e-03
5.300000000000000000e+01 1.000000000000000000e+00 1.475064039230346680e+00 -8.781170248985290527e-01
5.400000000000000000e+01 1.000000000000000000e+00 1.424934983253479004e+00 -6.274780035018920898e-01
5.500000000000000000e+01 1.000000000000000000e+00 2.734179973602294922e+00 -7.534430027008056641e-01
5.600000000000000000e+01 1.000000000000000000e+00 9.268910288810729980e-01 -2.606190145015716553e-01
5.700000000000000000e+01 1.000000000000000000e+00 2.297281980514526367e+00 7.786939740180969238e-01
5.800000000000000000e+01 1.000000000000000000e+00 2.087541103363037109e+00 -6.866179704666137695e-01
5.900000000000000000e+01 1.000000000000000000e+00 1.533378958702087402e+00 -5.332090258598327637e-01
6.000000000000000000e+01 1.000000000000000000e+00 9.168440103530883789e-01 -2.061920017004013062e-01
6.100000000000000000e+01 1.000000000000000000e+00 2.199736118316650391e+00 -8.299990296363830566e-01
6.200000000000000000e+01 1.000000000000000000e+00 2.437618970870971680e+00 9.394029974937438965e-01
6.300000000000000000e+01 1.000000000000000000e+00 2.329593896865844727e+00 5.639240145683288574e-01
6.400000000000000000e+01 1.000000000000000000e+00 1.375130057334899902e+00 -6.085379719734191895e-01
6.500000000000000000e+01 1.000000000000000000e+00 1.426427960395812988e+00 4.275699853897094727e-01