0.000000000000000000e+00 0.000000000000000000e+00 -1.528821945190429688e+00 9.044460058212280273e-01
1.000000000000000000e+00 0.000000000000000000e+00 -2.036158084869384766e+00 -4.268300160765647888e-02
2.000000000000000000e+00 0.000000000000000000e+00 -1.446954965591430664e+00 5.854420065879821777e-01
3.000000000000000000e+00 0.000000000000000000e+00 -2.102005958557128906e+00 3.485429883003234863e-01
4.000000000000000000e+00 0.000000000000000000e+00 -6.457939743995666504e-01 -3.123669922351837158e-01
5.000000000000000000e+00 0.000000000000000000e+00 -1.311014056205749512e+00 2.309740036725997925e-01
6.000000000000000000e+00 0.000000000000000000e+00 -7.009739875793457031e-01 3.855150043964385986e-01
7.000000000000000000e+00 0.000000000000000000e+00 -1.620692968368530273e+00 4.020459949970245361e-01
8.000000000000000000e+00 0.000000000000000000e+00 -1.280570030212402344e+00 -4.002290070056915283e-01
9.000000000000000000e+00 0.000000000000000000e+00 -1.916879057884216309e+00 -8.051069974899291992e-01
1.000000000000000000e+01 0.000000000000000000e+00 -1.705103993415832520e+00 -3.333750069141387939e-01
1.100000000000000000e+01 0.000000000000000000e+00 -2.488229990005493164e+00 1.488360017538070679e-01
1.200000000000000000e+01 0.000000000000000000e+00 -1.012195944786071777e+00 6.136620044708251953e-01
1.300000000000000000e+01 0.000000000000000000e+00 -1.224858999252319336e+00 -4.974569976329803467e-01
1.400000000000000000e+01 0.000000000000000000e+00 -2.211359024047851562e+00 3.031019866466522217e-01
1.500000000000000000e+01 0.000000000000000000e+00 -6.395059823989868164e-01 -3.801169991493225098e-01
1.600000000000000000e+01 0.000000000000000000e+00 -1.962365984916687012e+00 7.290200144052505493e-02
1.700000000000000000e+01 0.000000000000000000e+00 -2.173443078994750977e+00 -5.780240297317504883e-01
1.800000000000000000e+01 0.000000000000000000e+00 -2.066375970840454102e+00 3.035799860954284668e-01
1.900000000000000000e+01 0.000000000000000000e+00 -1.165135979652404785e+00 -3.781329989433288574e-01
2.000000000000000000e+01 0.000000000000000000e+00 -1.886734008789062500e+00 4.413599967956542969e-01
2.100000000000000000e+01 0.000000000000000000e+00 -2.227478981018066406e+00 2.339909970760345459e-01
2.200000000000000000e+01 0.000000000000000000e+00 -1.962036967277526855e+00 -5.586720108985900879e-01
2.300000000000000000e+01 0.000000000000000000e+00 -1.074198007583618164e+00 9.799300134181976318e-02
2.400000000000000000e+01 0.000000000000000000e+00 -6.173030138015747070e-01 -3.402700126171112061e-01
2.500000000000000000e+01 0.000000000000000000e+00 -1.091027021408081055e+00 8.868510127067565918e-01
2.600000000000000000e+01 0.000000000000000000e+00 -1.336810946464538574e+00 7.603080272674560547e-01
2.700000000000000000e+01 0.000000000000000000e+00 -1.000777006149291992e+00 -2.407650053501129150e-01
2.800000000000000000e+01 0.000000000000000000e+00 -1.048877000808715820e+00 -6.744040250778198242e-01
2.900000000000000000e+01 0.000000000000000000e+00 -9.476150274276733398e-01 2.265910059213638306e-01
3.000000000000000000e+01 0.000000000000000000e+00 -5.829480290412902832e-01 3.597170114517211914e-01
3.100000000000000000e+01 0.000000000000000000e+00 -2.390062093734741211e+00 1.996829956769943237e-01
3.200000000000000000e+01 0.000000000000000000e+00 -1.713708043098449707e+00 -5.692679882049560547e-01