0.000000000000000000e+00 0.000000000000000000e+00 524,794072 0,187448362 0,032114058 228,8002279 6843,598481 29,91080273 60,20487976 220,737212 556,8283342
1.000000000000000000e+00 0.000000000000000000e+00 330 0,226892803 0,265290046 121,1542007 3163,239472 26,10920178 69,71736145 99,084964 400,225776
2.000000000000000000e+00 0.000000000000000000e+00 551,8792874 0,232477856 0,063529985 264,8049354 11888,39183 44,89490276 77,79329681 253,7852998 656,7694494
3.000000000000000000e+00 0.000000000000000000e+00 380 0,240855437 0,286233997 137,6401109 5402,17118 39,2485239	88,75844574 105,198568 493,7018135
4.000000000000000000e+00 1.000000000000000000e+00 211 0,053930674 0,09424778 30,75344346 151,9845776 4,942034467 14,26837444 27,24312366 217,130704
5.000000000000000000e+00 1.000000000000000000e+00 196,8567142 0,020071286 0,090757121 28,59312613 82,05888853 2,869881668 7,968783379 27,66151595 200,7493364
6.000000000000000000e+00 1.000000000000000000e+00 245 0,189019158 0,081681409 62,90295509 1235,983356 19,64905073 42,15201569 46,69035543 292,3762384
7.000000000000000000e+00 1.000000000000000000e+00 352,6564468 0,121998515 0,090757121 68,52784639 1066,157846 15,55802353 43,69192505 52,79281667 382,7331865









