0.000000000000000000e+00 0.000000000000000000e+00 524.7940720 0.187448362 0.032114058 228.8002279 6843.598481 29.91080273 60.20487976 220.7372120 556.8283342
1.000000000000000000e+00 0.000000000000000000e+00 330.0000000 0.226892803 0.265290046 121.1542007 3163.239472 26.10920178 69.71736145 99.08496400 400.2257760
2.000000000000000000e+00 0.000000000000000000e+00 551.8792874 0.232477856 0.063529985 264.8049354 11888.39183 44.89490276 77.79329681 253.7852998 656.7694494
3.000000000000000000e+00 0.000000000000000000e+00 380.0000000 0.240855437 0.286233997 137.6401109 5402.171180 39.24852390 88.75844574 105.1985680 493.7018135
4.000000000000000000e+00 0.000000000000000000e+00 362.8312659 0.200712864 0.244346095 124.9125594 3290.462446 26.34212655 69.38938904 103.8665519 424.7965034
5.000000000000000000e+00 0.000000000000000000e+00 389.8729777 0.150098316 0.097738438 118.6258143 2475.557078 20.86862032 49.75714874 107.6861642 429.3857879
6.000000000000000000e+00 0.000000000000000000e+00 290.4551412 0.144164196 0.053058009 74.63506664 1189.545213 15.93815436 35.70333099 65.54132446 330.2672929
7.000000000000000000e+00 0.000000000000000000e+00 275.6773934 0.153938040 0.187797428 91.52789334 1756.234837 19.18797400 39.30518341 82.65868215 331.5883017
8.000000000000000000e+00 0.000000000000000000e+00 470.0000000 0.213104702 0.225496539 184.5900566 8185.360837 44.34345484 84.48248291 164.1225107 603.3157151
9.000000000000000000e+00 0.000000000000000000e+00 423.0000000 0.219562420 0.261799388 172.3712410 6108.106297 35.43576214 79.05635071 153.1729029 558.2745153
1.000000000000000000e+01 0.000000000000000000e+00 410.0000000 0.317824457 0.297404105 255.8151791 10622.54711 41.52430340 67.52320862 246.7428255 508.5403560
1.100000000000000000e+01 0.000000000000000000e+00 500.0000000 0.227241869 0.050963614 219.2955023 9819.449614 44.77725039 76.86849976 207.2666404 602.5278406
1.200000000000000000e+01 0.000000000000000000e+00 438.7801572 0.212406570 0.060737458 120.9015964 4879.495576 40.35923198 80.79177856 89.94378642 525.4201494
1.300000000000000000e+01 0.000000000000000000e+00 366.9423791 0.280125345 0.252025544 172.7455537 7064.815909 40.89723733 75.60432434 155.3222849 471.5881954
1.400000000000000000e+01 0.000000000000000000e+00 485.6688055 0.230208928 0.134041287 253.8936986 8135.968359 32.04478254 64.85544586 245.4705306 541.3639751
1.500000000000000000e+01 0.000000000000000000e+00 390.0000000 0.358316095 0.203854457 245.6861031 10055.83687 40.92961200 70.32478333 236.4901697 477.5483600
1.600000000000000000e+01 0.000000000000000000e+00 269.4959463 0.207519648 0.038397244 80.41108548 1963.605248 24.41958390 44.74015427 66.83830932 329.0906471
1.700000000000000000e+01 0.000000000000000000e+00 300.0000000 0.190066356 0.166853476 97.10812951 3039.561303 31.30079138 51.35397339 82.41819203 387.0782275
1.800000000000000000e+01 0.000000000000000000e+00 325.0000000 0.224623875 0.286932129 229.2158634 5705.332090 24.89065113 35.60271454 227.2647937 462.7030069
1.900000000000000000e+01 0.000000000000000000e+00 294.4748456 0.206646983 0.467748240 194.8710353 5541.256126 28.43550411 36.76579666 191.8048905 445.5132994
2.000000000000000000e+01 0.000000000000000000e+00 500.0000000 0.192684349 0.194778745 144.6885779 3055.012963 21.11440314 96.56336975 107.7511030 542.8970889
2.100000000000000000e+01 1.000000000000000000e+00 211.0000000 0.053930674 0.094247780 30.75344346 151.9845776 4.942034467 14.26837444 27.24312366 217.1307040
2.200000000000000000e+01 1.000000000000000000e+00 196.8567142 0.020071286 0.090757121 28.59312613 82.05888853 2.869881668 7.968783379 27.66151595 200.7493364
2.300000000000000000e+01 1.000000000000000000e+00 245.0000000 0.189019158 0.081681409 62.90295509 1235.983356 19.64905073 42.15201569 46.69035543 292.3762384
2.400000000000000000e+01 1.000000000000000000e+00 352.6564468 0.121998515 0.090757121 68.52784639 1066.157846 15.55802353 43.69192505 52.79281667 382.7331865
2.500000000000000000e+01 1.000000000000000000e+00 243.2939757 0.039968040 0.067020643 68.54477772 383.9284530 5.601133534 9.991348267 67.81665572 263.6407613
2.600000000000000000e+01 1.000000000000000000e+00 259.8851450 0.070685835 0.006981317 58.24380728 465.0872650 7.985179658 17.50683784 56.34024079 267.5174460
2.700000000000000000e+01 1.000000000000000000e+00 250.0000000 0.068067841 -0.015358897 57.17243116 652.9013494 11.41986332 17.77698135 55.79126957 278.3086152
2.800000000000000000e+01 1.000000000000000000e+00 200.0000000 0.037699112 0.117286126 42.31667529 220.8109066 5.218058960 10.67576408 40.94788227 218.0343131
2.900000000000000000e+01 1.000000000000000000e+00 355.0000000 0.064053584 0.084473936 89.55846345 1033.854245 11.54390334 27.56266212 86.57656109 372.0399566
3.000000000000000000e+01 1.000000000000000000e+00 272.0000000 0.091455253 0.004886922 63.78938031 718.9463102 11.27062697 20.08555603 60.69072912 286.9202203
3.100000000000000000e+01 1.000000000000000000e+00 341.6200131 0.091978852 0.074001960 85.04302856 1370.838068 16.11934677 29.02896881 79.93519681 385.1334598
3.200000000000000000e+01 1.000000000000000000e+00 160.3224525 0.176976386 0.163362818 37.21712400 341.8814622 9.186133303 30.88916397 20.75991040 187.5665182
3.300000000000000000e+01 1.000000000000000000e+00 301.3043992 0.109781210 0.035604717 64.61619993 942.7731906 14.59035337 29.04567719 57.72003044 335.7684588
3.400000000000000000e+01 1.000000000000000000e+00 155.0000000 0.172787596 0.118682389 38.94016841 415.1116010 10.66024155 25.83650208 29.13437618 184.8170409
3.500000000000000000e+01 1.000000000000000000e+00 144.0000000 0.120602251 0.046076692 19.64766952 70.42623881 3.584457624 18.13101387 7.569493117 160.3737703
3.600000000000000000e+01 2.000000000000000000e+00 178.0000000 0.170867734 0.212930169 41.54216676 489.4405205 11.78177641 35.74779510 21.16239331 215.9059342
3.700000000000000000e+01 2.000000000000000000e+00 195.0000000 0.139102741 0.205250720 37.46219562 328.3840516 8.765744937 35.02382660 13.29465026 232.5876277
3.800000000000000000e+01 2.000000000000000000e+00 435.0931666 0.076969020 0.161268423 123.5975376 1342.277648 10.86006788 37.38472366 117.8080379 433.2023221
3.900000000000000000e+01 2.000000000000000000e+00 250.0000000 0.047123890 0.013962634 70.90704002 224.1457873 3.161121763 9.102175713 70.32040045 232.2776288
4.000000000000000000e+01 2.000000000000000000e+00 339.5085476 0.045378561 0.030019663 88.62980943 331.0803904 3.735542168 19.82558060 87.62118044 307.7931937
4.100000000000000000e+01 2.000000000000000000e+00 236.0000000 0.124616509 0.201760062 48.45112963 236.8801115 4.889052397 36.00662231 32.41967026 244.9651546
4.200000000000000000e+01 2.000000000000000000e+00 481.4671493 0.078539816 0.016057029 79.05916156 1154.338239 14.60094208 33.92913055 71.40843919 501.8933576
4.300000000000000000e+01 2.000000000000000000e+00 252.0000000 0.106116019 0.031415927 38.54420953 493.7904229 12.81101439 25.54114532 28.86703966 280.6582994
4.400000000000000000e+01 2.000000000000000000e+00 172.5157973 0.127234502 0.038397244 37.54367322 192.2181479 5.119854595 19.32208061 32.18982081 174.9337700
4.500000000000000000e+01 2.000000000000000000e+00 121.0000000 0.174183859 0.090757121 24.43718041 144.4665132 5.911750488 22.02108002 10.59470821 141.7661849
4.600000000000000000e+01 2.000000000000000000e+00 196.3648643 0.182910506 0.142418867 54.58308028 843.2625275 15.44915610 34.14941406 42.58086535 239.9440728
4.700000000000000000e+01 2.000000000000000000e+00 370.3957247 0.104719755 0.000000000 115.9232531 1308.120430 11.28436612 31.36703110 112.7151016 365.9776513
4.800000000000000000e+01 2.000000000000000000e+00 260.2775210 0.079063415 0.032812190 58.81761141 277.2590343 4.713877828 17.86866951 56.03768402 248.6234122
4.900000000000000000e+01 2.000000000000000000e+00 544.6543495 0.063704518 0.002094395 100.7880802 1189.290233 11.79990958 29.41222191 96.58014998 553.3582099
5.000000000000000000e+01 2.000000000000000000e+00 310.0000000 0.174707458 0.165457213 98.50996142 2741.032044 27.82492252 49.32786179 85.27000984 388.9778084
5.100000000000000000e+01 2.000000000000000000e+00 274.9933959 0.147131256 0.137531945 66.45794304 1217.415651 18.31858760 40.84967804 52.42100773 327.5586387
5.200000000000000000e+01 2.000000000000000000e+00 281.3232629 0.232303323 0.437728576 157.8841812 5305.123206 33.60135997 46.38433456 150.9168917 398.8955488
5.300000000000000000e+01 2.000000000000000000e+00 327.0000000 0.141022604 0.084473936 76.21286813 1664.674076 21.84242789 43.22169113 62.77170286 379.2618386
5.400000000000000000e+01 3.000000000000000000e+00 470.5164201 0.127409035 0.066322512 150.2240223 2657.910367 17.69297831 47.56063080 142.4964680 491.4724885
5.500000000000000000e+01 3.000000000000000000e+00 223.0000000 0.124092910 0.079587014 33.09633498 197.0125405 5.952699616 30.45487404 12.95638966 252.4833478
5.600000000000000000e+01 3.000000000000000000e+00 152.0000000 0.165806279 0.227590934 34.21955040 94.35432796 2.757322257 31.27927780 13.87747773 180.6095533
5.700000000000000000e+01 3.000000000000000000e+00 303.0000000 0.063355452 0.039793507 22.56789270 102.5003090 4.541864424 21.83084106 5.720500629 321.6468374
5.800000000000000000e+01 3.000000000000000000e+00 250.0000000 0.087091930 0.092851516 29.63751029 180.7612438 6.099069794 26.14209747 13.96326323 280.1229064
5.900000000000000000e+01 3.000000000000000000e+00 197.0000000 0.132645023 0.074001960 33.46065297 409.6471413 12.24265234 26.99280739 19.77381319 231.7837876
6.000000000000000000e+01 3.000000000000000000e+00 197.0000000 0.132645023 0.074001960 33.46065297 409.6471413 12.24265234 26.99280739 19.77381319 231.7837876
6.100000000000000000e+01 3.000000000000000000e+00 216.4132573 0.117809725 0.068416907 53.59960002 280.4454865 5.232230956 22.79053497 48.51297401 215.3729201
6.200000000000000000e+01 3.000000000000000000e+00 178.0000000 0.149574717 0.099134702 40.29062098 474.4046993 11.77456906 25.92082787 30.84549927 209.1807379
6.300000000000000000e+01 3.000000000000000000e+00 185.0000000 0.149749250 0.085172067 39.89140922 361.7479803 9.068317900 26.86076164 29.49277954 210.1787188
6.400000000000000000e+01 3.000000000000000000e+00 391.0000000 0.058119464 0.011170107 35.78006134 265.1497896 7.410545977 22.13147163 28.11424449 400.9948178
6.500000000000000000e+01 3.000000000000000000e+00 502.0000000 0.065275314 0.027925268 53.23943299 834.2727305 15.67020315 33.33114243 41.51472224 544.0394145
6.600000000000000000e+01 3.000000000000000000e+00 176.0000000 0.089884456 0.076794487 20.58852411 79.70542458 3.871352029 18.22649193 9.575087855 191.9928785
6.700000000000000000e+01 3.000000000000000000e+00 145.0000000 0.117635192 0.110304809 21.21894213 82.45556156 3.885941206 20.30308151 6.166715190 162.5109272
6.800000000000000000e+01 3.000000000000000000e+00 124.1287282 0.131946891 0.108908545 20.59263294 78.34279384 3.804408793 18.46239853 9.121205611 134.8926970
6.900000000000000000e+01 3.000000000000000000e+00 103.0000000 0.158126830 0.291819051 23.75481134 78.25847372 3.294426236 22.32360268 8.120826029 124.9785610
7.000000000000000000e+01 4.000000000000000000e+00 1724.089894 0.052708943 -0.020943951 404.1262083 3053.966890 7.556963213 71.42758942 399.1942441 1489.386712
7.100000000000000000e+01 4.000000000000000000e+00 1385.664721 0.092327917 0.089360858 202.4800437 8785.028733 43.38713372 143.0921936 143.2577800 1524.609204
7.200000000000000000e+01 4.000000000000000000e+00 1084.247037 0.073478362 0.000000000 191.8979532 2937.971545 15.31007233 66.56362915 179.9836313 1064.103828
7.300000000000000000e+01 4.000000000000000000e+00 649.3693973 0.107512282 0.018849556 207.1116914 3344.432678 16.14796661 50.54747009 200.8487145 623.9088141
7.400000000000000000e+01 4.000000000000000000e+00 1500.000000 0.056548668 0.050265482 375.0966033 4759.454546 12.68861009 78.44597626 366.8019779 1336.158534
7.500000000000000000e+01 4.000000000000000000e+00 770.0000000 0.041628330 0.002434550 175.0196843 346.0913115 1.977442210 25.22233009 173.1927366 654.7984188
7.600000000000000000e+01 4.000000000000000000e+00 650.0000000 0.041015237 0.145211394 216.8113304 427.5340679 1.971917552 33.76516342 214.1659795 528.6992333
7.700000000000000000e+01 4.000000000000000000e+00 691.9720314 0.026005406 0.086568331 190.6766919 304.2707181 1.595741541 23.97571754 189.1633309 594.3156256
7.800000000000000000e+01 4.000000000000000000e+00 1461.750342 0.040840704 0.049567351 391.8460234 5574.002820 14.22498249 57.23147964 387.6439909 1428.839976
7.900000000000000000e+01 4.000000000000000000e+00 1496.736054 0.103847090 0.082379541 640.2759504 11071.99780 17.29254049 108.2869186 631.0524821 1178.274278
8.000000000000000000e+01 4.000000000000000000e+00 1111.814068 0.098785636 0.071209433 386.9870937 7659.742134 19.79327543 86.02512360 377.3045042 990.9789134
8.100000000000000000e+01 4.000000000000000000e+00 1270.666717 0.078888882 0.065624380 555.3523182 3612.968333 6.505722970 68.78166962 551.0764734 895.1874406
8.200000000000000000e+01 4.000000000000000000e+00 1647.939811 0.080983277 0.086568331 576.7703764 11852.48506 20.54974657 111.4359131 565.9029104 1402.877737
8.300000000000000000e+01 4.000000000000000000e+00 1535.850740 0.088488193 0.004188790 637.3496744 10814.05017 16.96721690 96.61039734 632.1651152 1197.762150
8.400000000000000000e+01 5.000000000000000000e+00 2100.000000 0.061959188 -0.045378561 390.4825067 16640.72362 42.61579797 125.9004135 380.6447034 2073.028685
8.500000000000000000e+01 5.000000000000000000e+00 1800.000000 0.034208453 0.042586034 301.0603509 4406.154331 14.63545206 67.62532806 293.3669201 1742.375702
8.600000000000000000e+01 5.000000000000000000e+00 2100.000000 0.121649449 0.377689250 450.5516668 35671.60629 79.17317572 436.0996399 113.1985701 2461.450497
8.700000000000000000e+01 5.000000000000000000e+00 1666.148786 0.012391838 0.058451474 72.93105029 1402.231665 19.22681299 51.85476685 58.59576295 1746.577504
8.800000000000000000e+01 5.000000000000000000e+00 1700.000000 0.043982297 0.105126801 120.6530096 12331.10309 102.2030294 120.2973175 -9.257696464 2212.178196
8.900000000000000000e+01 5.000000000000000000e+00 1949.118155 0.051798311 0.016500689 170.3314949 3212.077055 18.85779877 101.4558487 136.8193286 1941.367383
9.000000000000000000e+01 5.000000000000000000e+00 1850.000000 0.079149163 0.069470180 253.6214551 13113.20309 51.70383985 160.0654602 196.7304980 1916.985365
9.100000000000000000e+01 5.000000000000000000e+00 2350.000000 0.081506876 0.271573232 515.2894771 27758.64026 53.86999249 289.5690613 426.2311599 2457.676736
9.200000000000000000e+01 5.000000000000000000e+00 1800.000000 0.091978852 0.205250720 362.8633213 15021.55389 41.39727828 217.8339691 290.2036403 1893.663712
9.300000000000000000e+01 5.000000000000000000e+00 1900.000000 0.054454273 0.113795467 272.6180289 7481.593470 27.44350218 138.3592682 234.8984958 1924.517895
9.400000000000000000e+01 5.000000000000000000e+00 1800.000000 0.069115038 0.157079633 385.5647043 13831.72489 35.87393953 157.5700073 351.8974774 1823.032364
9.500000000000000000e+01 5.000000000000000000e+00 1850.000000 0.073303829 0.225496539 325.1915423 8644.984237 26.58428376 208.7399750 249.3534863 1908.177239
9.600000000000000000e+01 5.000000000000000000e+00 1650.000000 0.047647489 0.043284165 274.4261775 5824.895192 21.22572724 81.23957062 262.1256559 1603.070348
9.700000000000000000e+01 5.000000000000000000e+00 2800.000000 0.083077672 0.184306769 583.2592575 31388.65288 53.81595316 298.5829773 501.0384944 2896.582483
9.800000000000000000e+01 5.000000000000000000e+00 2329.840138 0.066147979 0.353254641 377.2533678 25369.03992 67.24668907 336.0751648 171.3872268 2686.435346
9.900000000000000000e+01 5.000000000000000000e+00 2400.000000 0.084124870 0.220609617 596.0419555 37939.25557 63.65198829 261.3481750 535.6894086 2447.772353
1.000000000000000000e+02 5.000000000000000000e+00 2000.000000 0.067195176 0.124267443 330.2716456 15381.09769 46.57105110 169.1979828 283.6395644 2063.073212
1.010000000000000000e+02 5.000000000000000000e+00 2000.000000 0.106988683 0.105417887 520.2226492 40087.92098 77.05916120 204.0903473 478.5172232 2088.648870
1.020000000000000000e+02 5.000000000000000000e+00 2600.000000 0.200538331 0.208043247 1063.441427 174480.4762 164.0715433 418.6872864 977.5523672 2664.583623
1.030000000000000000e+02 5.000000000000000000e+00 1600.000000 0.071907565 -0.066322512 436.9436030 12655.34213 28.96333084 103.7327042 432.1297489 1475.371534
1.040000000000000000e+02 5.000000000000000000e+00 2300.000000 0.045029495 0.136833813 185.4460437 5086.292497 27.42734434 178.6917419 49.59329022 2480.592151
1.050000000000000000e+02 5.000000000000000000e+00 2600.000000 0.069987703 0.048869219 745.4743692 39845.77370 53.45022625 154.1226044 729.3683950 2545.419744