Acurácias OPF: [0.5  0.25 0.75 1.   0.25 0.75 0.5  0.75 0.5  0.75 1.   1.   0.5  0.75
 1.   0.75 1.   0.75 0.75 0.75 0.75 1.   0.75 0.75 0.5  1.   0.5  0.5
 0.5  1.   0.75 1.   0.75 1.   0.5  1.   0.5  0.5  0.5  0.75 1.   0.75
 1.   0.75 0.75 0.5  1.   0.75 1.   1.   0.75 0.25 0.75 1.   0.5  0.5
 0.5  0.75 1.   0.75 0.75 0.5  0.5  0.5  0.75 0.75 0.75 0.5  0.5  1.
 0.5  0.5  0.75 1.   1.   0.75 0.75 1.   0.75 0.75 1.   1.   0.75 1.
 1.   0.5  0.75 1.   1.   1.   0.5  0.5  0.25 0.5  0.5  1.   0.75 0.75
 1.   0.5 ]
Acurácias QOPF: [0.75 0.5  0.75 1.   0.   0.75 0.75 0.75 0.75 1.   1.   1.   1.   0.75
 0.75 0.75 1.   0.75 0.5  0.75 0.5  1.   0.75 0.75 0.5  1.   0.5  0.5
 0.5  1.   0.5  0.5  0.75 1.   0.25 1.   0.5  0.75 0.5  0.25 0.75 0.75
 1.   0.75 0.75 0.5  1.   0.5  1.   1.   0.75 0.   0.75 1.   0.5  0.75
 0.5  0.75 1.   0.75 0.75 0.5  0.75 0.5  0.75 0.75 0.75 0.5  0.5  1.
 0.25 0.5  0.75 0.75 1.   0.75 0.75 0.75 0.75 0.5  1.   1.   0.75 0.75
 1.   0.25 1.   1.   0.5  1.   0.5  0.25 0.5  0.75 1.   1.   0.5  0.
 0.5  0.5 ]
Média OPF: 0.735
Média QOPF: 0.7025
