Acurácias OPF: [1.   1.   0.75 0.75 1.   1.   0.5  1.   1.   0.5  0.5  0.25 1.   1.
 0.75 1.   1.   1.   0.75 0.75 0.75 0.5  0.75 0.75 0.75 0.75 0.5  1.
 1.   1.   0.75 1.   1.   0.75 1.   0.25 0.75 0.5  1.   0.25 0.5  0.75
 1.   0.5  0.5  0.5  1.   0.5  1.   1.  ]
Acurácias QOPF: [1.   1.   0.75 0.5  0.5  1.   0.5  0.75 1.   0.5  0.5  0.25 1.   0.75
 0.75 1.   0.75 1.   0.75 0.75 0.75 0.5  0.5  0.5  0.75 0.75 0.5  1.
 0.75 1.   0.5  1.   1.   0.5  1.   0.25 0.75 0.5  1.   0.25 0.5  0.75
 0.5  0.5  0.5  0.5  0.75 0.5  0.75 1.  ]
Média OPF: 0.775
Média QOPF: 0.7
