Acurácias OPF: [1.   0.5  1.   0.75 1.   0.75 0.75 0.75 0.75 1.   1.   1.   0.75 1.
 1.   1.   0.5  1.   0.5  0.5  0.75 0.75 0.75 1.   0.5  1.   1.   0.75
 0.75 1.   0.75 0.5  1.   0.5  0.25 0.75 1.   1.   0.5  0.5  0.75 0.25
 1.   1.   0.75 1.   1.   1.   0.75 0.75]
Acurácias QOPF: [1.   0.5  1.   0.75 1.   0.75 0.75 0.5  0.75 1.   1.   1.   0.75 0.75
 1.   1.   0.5  1.   0.5  0.5  0.75 0.75 0.75 1.   0.5  1.   0.75 0.75
 0.75 1.   0.75 0.5  1.   0.5  0.25 0.75 1.   0.75 0.5  0.5  0.75 0.75
 1.   0.75 0.75 1.   1.   0.75 0.75 0.75]
Média OPF: 0.795
Média QOPF: 0.775
